# A027572 (b-file synthesized from sequence entry)
# A027572 (b-file a(22)-a(49) added by Patrick De Geest)
1 1
2 5
3 181
4 313
5 545
6 1690961
7 3162613
8 3187813
9 5258525
10 5824285
11 58281418285
12 1635446445361
13 3166046406613
14 124852060258421
15 149988757889941
16 310433303334013
17 582818040818285
18 12951570707515921
19 5227371841481737225
20 5649436330336349465
21 5816694029204966185
22 108348382545283843801	
23 129052205999502250921
24 129776662212266677921
25 316234169939961432613
26 564080816010618080465
27 54488716319691361788445
28 1427056470511150746507241
29 3130000999262629990000313
30 3153012324698964232103513
31 3169345937085807395439613
32 5054998070382830708994505
33 108491007414868414700194801
34 318216440234333432044612813
35 318288756988131889657882813
36 10856305724223132242750365801
37 14966412087720702778021466941
38 1014614035436689866345304164101
39 1682059335368470748635339502861
40 3167016920841776771480296107613
41 5450871426137276727316241780545
42 316370934175751979157571439073613
43 501263304966749757947669403362105
44 562318868215014101410512868813265
45 588186547187469040964781745681885
46 10489844562990321812309926544898401
47 16079176741142975657924114767197061
48 16716911115990684748609951111961761
49 31033505548338259895283384550533013
