1 0 1 1 -
2 1 5 1 PRIME
4 12 313 3 PRIME
5 16 545 3 -
6 919 1690961 7 -
7 1257 3162613 7 -
9 1621 5258525 7 -
10 1706 5824285 7 -
11 170706 58281418285 11 -
12 904280 1635446445361 13 -
13 1258182 3166046406613 13 -
14 7901014 124852060258421 15 -
15 8659929 149988757889941 15 -
16 12458597 310433303334013 15 -
17 17070706 582818040818285 15 -
18 80472264 12951570707515921 17 -
19 1616689803 5227371841481737225 19 -
20 1680689788 5649436330336349465 19 -
21 1705387643 5816694029204966185 19 -
22 7360311900 108348382545283843801 21 -
23 8032814139 129052205999502250921 21 -
24 8055329360 129776662212266677921 21 -
25 12574461617 316234169939961432613 21 -
26 16794058711 564080816010618080465 21 -
27 165058650666 54488716319691361788445 23 -
28 844706005220 1427056470511150746507241 25 -
29 1250999800012 3130000999262629990000313 25 -
30 1255589965852 3153012324698964232103513 25 -
31 1258837943717 3169345937085807395439613 25 -
32 1589811006123 5054998070382830708994505 25 -
33 7365154696775 108491007414868414700194801 27 -
34 12613810689762 318216440234333432044612813 27 -
35 12615243893562 318288756988131889657882813 27 -
36 73675999227099 10856305724223132242750365801 29 -
37 86505526088570 14966412087720702778021466941 29 -
38 712254882551425 1014614035436689866345304164101 31 -
39 917076696729469 1682059335368470748635339502861 31 -
40 1258375325735882 3167016920841776771480296107613 31 -
41 1650889370330016 5450871426137276727316241780545 31 -
42 12577180410882082 316370934175751979157571439073613 33 -
43 15831350305118476 501263304966749757947669403362105 33 -
44 16767809460615511 562318868215014101410512868813265 33 -
45 17149147897016181 588186547187469040964781745681885 33 -
46 72421835667809200 10489844562990321812309926544898401 35 -
47 89663751709213505 16079176741142975657924114767197061 35 -
48 91424589460359855 16716911115990684748609951111961761 35 -
49 124566258570164697 31033505548338259895283384550533013 35 -
50 84284587587769426720 14207783409680752220402225708690438770241 41 -
51 84753839053503067854 14366426468614203601510630241686462466341 41 -
52 89940695078362814444 16178657262358073985458937085326275687161 41 -
53 9057485682660759666330 164076093783209295116999611592902387390670461 45 -
54 72971763254756896408324 10649756465016577599097379099577561056465794601 47 -
55 79608488039503229466585 12675022735871457478928682987475417853722057621 47 -
56 739558350036969165689450 1093893106218808420715399935170248088126013983901 49 -
57 9137327500983204356513194 166981507720447940821484646484128049744027705189661 51 -
58 12463239245524015944014602 310664664982340084364343252343463480043289466466013 51 -
59 12485050866969785154347907 311752990301645967838382111283838769546103099257113 51 -
60 125845220398502946907933882 31674038994295564414718234143281741446559249983047613 53 -
61 722342892165927171629878924 1043558507725272580121092036302901210852725277058553401 55 -
62 781149338627822004402338114 1220388578477367461271198953598911721647637748758830221 55 -
63 1262413288821833950379107737 3187374623587918287303295065605923037828197853264737813 55 -
64 15942063078239666572581496926 508298750381144786639244037323730442936687441183057892805 57 -
65 16818129062880276245974449686 565698930351396397749594383666383495947793693153039896565 57 -
66 74065274905966355364209556450 10971329893792739020876276471517467267802093729739892317901 59 -
67 85963065394067661306924672029 14779297223889506243879245502920554297834260598832279297741 59 -
68 91732095351342012927350087594 16829554635095405876254045429592454045267850459053645592861 59 PRIME
69 125752019430191217627712596382 31627140781542379061141964835353846914116097324518704172613 59 -
